??????#?#?#?? 2,2,6
#?????????#???? 1,3,2,2
?#??#..#?#???#??#. 5,1,1,4
#??????#???##??#???? 2,1,3,9
??.?????.? 3,1
?.?.?#?##????.?.?# 1,1,3,2,1
#..?????#.???#? 1,1,1,1,4
#?#??????#??????. 1,1,8,1,1
??????.????#?#??. 2,1,6
?#?????.?..??.#??. 1,2,1,2,1,1
??.#?.#???.#??? 1,2,1,1,4
###?.?#??.?#?. 4,4,2
.?...??#??? 1,1
????#.?.???#??#?#?. 2,2,3,5
.??.?#????????? 1,2,1,1,1
?#.????#????.????# 1,6,1,2
?#???.?????### 2,1,3,4
?????#.??# 2,1,3
??????.?##?#??#????? 3,1,12
.?..??.????#?? 1,1,3,1
#.?#?#?..?????.??.. 1,5,5,1
.???#?.?#?#?? 1,1,4
???.??#??.?? 3,1
?????##?#??????????. 1,6,2,1,1
..??#?????..?## 4,3
????.#??.# 1,1,1
????###.???#??.#. 7,5,1
??#?.#??.?#?.??? 2,2,2,1,1
.#???#?#...###?##?# 1,4,8
.?#??.???? 4,1
#?#?.???#????#### 1,1,4,6
#?#?.?????##??#???? 1,2,8,1,1
?####?????.#??? 5,1,3
??.??.???##?? 1,1,7
#?#??#??..#??##?? 1,6,1,3
???????????? 1,1,1,4
#?????#???.???? 8,1,1,1
?????.????#?#? 1,1,2,4
?.##???.?#???? 5,3
?.??##????????. 7,4
??#?##???##?????#? 1,9,1,1
?????.#.???#??.? 4,1,3,1
?????????.. 4,1
..#??#?????.# 1,2,1,1
???.#?.????? 2,1,1,3
?..?#..??#?. 2,2
??#????????.???#### 9,1,1,4
??###?#????##?. 4,7
.??#??#???.#????# 3,1,1,6
#??#?.???#?? 4,1,1,1
?#?##....#?#?#?? 4,5,1
?.???#?.??? 1,4
?????????.#???..?## 3,1,1,1,1,3
?#??#??#??#.??????# 7,2,2,2
????#????.??# 6,1,2
#.??.?.?????#????? 1,1,1,5,2
#.?.?##????#????.?. 1,1,3,3,1,1
??.?..??..? 2,1,1
????#?????#.??? 6,1,1,2
#??#??##?????.#??. 5,5,1,1,1
?#?????????#??#.??? 4,1,1,1,1,1
?#??????.? 6,1
??..??????.#??#?? 1,3,5
?##??.?#?? 2,1
##???????#???? 3,3,1,1
?.??.??????#.##?#? 2,6,5
.?????#?????.????.? 3,7,2,1
?.???????.??###????. 1,3,1,7
.??#????#?? 3,2
?..???..??? 1,3,1
.?#?#?#???.#.? 1,3,1,1
.#?.???#?#?#?#??#??? 1,14,1
#??.##???????# 2,7,1
#?????#.?.??.#? 2,3,1,2
#.???.???#.#? 1,2,2,1
.???##?###????. 3,6
#?#????#?.#???.?. 4,3,1,1,1
?#??.#.#?..? 2,1,2
?#???.???.????#????# 4,2,4,2
?????#.?##?#?? 4,6
.#.?.??????? 1,4,2
?.??????##???.?#### 1,10,5
.?.?????????##???? 1,3,1,6
???#?#??.??#..??? 6,3,2
?????#?##??.??#?? 9,3
##????.??#???? 2,2,7
?#???#???. 3,4
??#????..????#??#?# 1,3,1,1,7
.?????#?#?????????.# 1,6,1,2,1
?#..??.#?.?#???? 1,1,1,6
?#?.??.???????#? 2,2,9
????????.???. 5,1,1
?????????.?##? 1,3,1,3
??#?????#?????#?? 3,1,8
??#????.??##???#? 3,2,2,4
????????????? 7,3
??.????#???#????##. 1,15
#???##????.??? 1,7,1,1
?.?.???#.##?..???#? 1,1,1,1,3,4
.?#?.?#??##??#???#?? 2,8,2
????#???.#..??#????? 4,2,1,7
???..?.??#?#?##??#? 1,1,1,12
??#?.??.?????.???? 4,2,1,1,3
??.?#????#??#.?? 2,6,1
?#??#.?#?????.? 5,7
#.#??.???. 1,2,3
##?????#???.#????#? 6,3,2,1,2
.???.##?.?..?. 2,3,1,1
.#?#??###?.?###.? 8,4,1
??????#?#?.#?.??#?.? 8,2,3,1
??#?#?#?#..????#.# 6,1,1,1,1,1
??#??.?#???##?#??.. 5,2,6
?????.????### 2,2,1,4
????#?????????.. 5,1,1
?????#.??? 5,1
#??#????.???#?.##?? 1,3,1,1,2,1
??.??.???###???.??? 2,1,1,5,1,1
#???#?##?.?? 3,4,1
.#????#?.??. 6,1
#????.???.#??#?#???# 1,1,1,1,1,8
??????????#?????? 5,2,7
??.?#????? 2,1,1
???#?.??##?.????? 4,3,3
.?????.?.?#? 1,1,1,1
????????#??#??#???? 1,1,9,2
??..?..##? 1,3
.#..???#?.??#???.? 1,2,4,1,1
??.#?????#???.??? 7,1,1
?#???#?.?.??#????#? 2,3,4,1,2
.?#???#??????????# 2,2,2,2,1
?.?.#????????? 1,1,6
.#?.??#?????? 2,4,2
.##.#..??.??.???###. 2,1,1,2,2,3
????????###??#?##?# 1,1,1,12
#?#????#.??.??#??? 1,3,1,1,1,2
?#..???#?.???.???# 1,1,1,3,1,1
?###??.??#??##? 3,5
??.#?.?????????.?? 1,1,1,3,2,1
?.??#??????##????#?? 3,10
?.#???#???????#??.?# 1,4,1,4,2
??..#?.???. 1,2
##?..??#?????#?.? 3,10
?#??#???????#?? 2,1,2,2
?##????.???. 2,2
??.??#????.?????#??? 1,1,1,9
?.??.?#?##???.???? 1,2,5,1,1,1
.???????????? 1,5
#.??.??.???? 1,2,1,3
??...??#??????? 1,8
?#??#?#?#?????#??? 10,1,1,2
?#???.????? 1,2
????#.?##? 1,4
#?..#????.?..?????## 2,1,1,1,7
??????#???#??????.? 1,12,1,1
.?????.???? 1,1
??#??#???.??#? 4,2
??#.?.?.??? 1,1
.???#?????#### 3,2,5
????##???..?#?? 1,6,1
.????#??#???#?... 3,5
.???#?#??..??#??? 1,3,1,1,3
###?##??.#????#? 7,7
?.?.????.?.???? 1,4,1,1
??..?.?#..?.. 1,2
.???#?.?#??? 3,1,1
??.?????????????.?# 2,1,1,1,1,2
???#?.??????? 3,6
????.??.?????#?.???? 3,1,1,4,4
???#?.#???#???.???. 3,7,2
?#?.?#??#??.? 1,7,1
??#???#??? 2,2,1
????#???#????#.#???? 1,12,2
??##???..???? 5,3
???#??##?.??.??? 6,1,2
#.????..## 1,1,2
.?????#??#?.#?##?? 1,5,1,2,1
??#?##????.#?##?#??. 4,6
?.?##???##????#????. 1,12,1
???????.??#???? 1,1,6
??#?.???.#??..???? 1,1
#?#??##???.?#? 3,5,3
#????##??#?????? 1,8,1,1
?.??##??#.? 2,1,1
?..???##??#?? 1,1,2,3
?#?#?##.???#... 6,3
??#??#??#?.#?????## 2,1,2,1,5
.#?##?..#?#??#?? 1,2,3,3
??#??#??????? 5,1,2
.????#?.??? 4,2
#??.##.?.##??? 1,1,2,4
.???????#?#???.? 2,1,1,4
?#???#??#?????#.??? 1,1,2,2,1,2
?.#?????.?????????#. 1,2,1,4,1,2
?.????#????.?##??? 7,5
.???#?#?????? 2,1,1,1
#?#?##???????###? 8,1,5
.??.????#. 2,1,1
..?..#?.??? 1,2,1
?.?.#?#?.?.??.??? 1,1,4,1,2
???##?.?.#???? 2,2,1,2
???##.#?#???## 1,2,8
?.#?.???#?#?#?#.?.? 1,1,6,3,1,1
???##?.?????? 5,2
???#.????#??? 1,3,1
??????????#? 5,1
??.#???.#?????#?.# 1,1,2,2,3,1
???#?#?????#???#? 1,3,1,5
?#????????#????## 1,1,4,2,4
?????#.??#??#?? 1,1,1,1,6
.?.#?#.?#??????#?? 1,1,1,3,2,3
.??#???##?##??. 3,6
..???#???.??? 2,1
.????#???. 1,1,1
????##???.??????? 1,2,1,7
?????????????#.?. 2,9,1,1
??#?..??.?? 2,1,1
??#??#??.?#??# 7,2,1
#?#???????#?? 1,1,8
???..#???? 1,2,1
#??.?????. 2,1,2
?.???#???????#?#???? 1,6,3,3
.???#?#?#????#?.?#.. 13,1
?#???##??#????#?#??? 2,14
??.????.???????? 1,2,4,1
.???#?.??????#??#??? 5,6,3,1
???.##.?#??????#??? 1,2,1,1,5,1
?.??.????.??#.??# 1,4,1,1,3
???#????##?.?#?? 3,3,2
???#???.#?#??? 4,1,3
?#?#?#?####????#?. 1,14
??#??????.? 2,3
??#??????????#. 5,2,1,1
.?#.?#.??????. 1,1,1,3
????????????? 1,2,2,1
#?#??.?#????## 5,3,3
???#???#?# 4,1,1
.#?.???????.#. 2,3,1,1
..????##????#?#?? 7,4
?#????#?????#?#??? 8,1,1,1,1
????#??..????. 3,1,2
??.??.?#.? 1,1,1
??????.?#.?? 2,1,2,1
?#??.???#?.?..???? 1,1,2,1,2,1
???.???.?#???? 1,3
???.??????..?.? 2,1,3,1,1
????????#?.#?#????.? 2,1,3,7,1
..??..#?###??#???.? 1,9
???#??.#??. 2,2
??#.???????.? 2,1,1,1
.???##??.?.??.?? 4,1,2
??#?#..???#??#???# 2,1,2,4,1,1
??#???##????#.??? 2,4,4,2
.?????#?#?? 1,2,2
#??????#.?????? 2,1,1,1,1
??????#??.?? 1,1,2
?..?#.??#?.? 1,2,2,1
.#??#?#?.? 1,4
#??#???????.?##? 7,2,2
?#??.#??##.#.???##? 1,1,1,3,1,6
??.?.??#?##???????.? 2,1,9,2,1
.?..#???#?#. 1,1,1,1
?.?.?????? 1,1
??##?????.#?#????? 7,8
??#?###?.?#??#??#?? 7,1,5,1
???#?#?...#???? 1,4,1,1
???????####?.?#????? 3,5,5
??.?.?????#? 1,2,1
.?????#???#???? 4,4
.?####???.??# 6,1,1
???#????.??#?#? 3,1,1,4
??#???.??.#???# 3,1,1,1,1
????#??????#? 7,3
??####?#.??#???#??#? 1,6,1,3,1
?#?###??.??.?#??. 7,4
.??.??#??#..? 1,2,1,1
????.?????.?##??. 3,1,1,5
????#?????.?. 4,1
#???.?#?##??..#?# 1,1,6,1,1
???#?#????????.??.? 1,8,1,1,1
????????????###?# 6,5
???#?.??##??.?. 1,2,4,1
#.?#??????#??? 1,1,5
????????#????.???# 9,2,4
??.??#?.#?#? 1,2,4
??#.????#???#?? 1,1,2,1,4
????.#?.##? 2,1,2
.??####..#????#. 6,3,1
???.??####???? 1,1,4,2
.???.#?#?#???? 1,9
??#??..?????.. 4,1,2
???????#???#.??#. 3,1,3,2
?..#?#???..#???. 6,3
.#??#???#?????#??? 1,14
.?#?#?.???.?#???? 4,3,2,1
#????#?#?.?#?## 9,1,2
????????.??#???? 2,3,1,1,4
??????????????#??##? 2,6,7
?????.????????.???? 3,6,2
???.??.?#?? 2,1,2
?.???#??.?.???? 1,6,1
?#.#????????#.???? 1,1,3,2,2
??????##?????????? 1,12
#????#??#?##?#?.?#?? 1,1,10,1,1
?#???#????? 1,5,1
.?.#??##?????. 1,5,1,1
..?.???#??#?##?? 1,2,5
.?????#???.???. 1,1,3,1
.?.?###??#??? 1,7,1
??????????#??#??##? 4,3,3,1,3
????#????.??.???? 8,1,1
.?.????#?#?.????## 6,2
???.??.????????? 1,1,1,1,4
??..???.#? 1,1,1
??.????##.? 2,1,2
?..#?##????##?##??# 1,1,2,9,1
.???.#??#?#.#? 2,1,4,1
??.???????#????? 2,1,1,1,2
????..##???.?.?. 1,2,2,1,1
#??#??????#??.##? 5,1,1,1,2
.????#???? 4,1
.??#.??.?.?## 2,1,1,2
??.????#????#?? 1,6
??#?????#?#????? 1,5,1,3,1
????..???.? 3,2
??.?????????##.??#. 11,1,1
...##?..#.??.???? 3,1,1,2
????????????. 1,1,1,1
??.???#??.?.????? 1,1,4,1,1
#?.#????.##?? 1,2,1,3
#?.#????????? 1,6,1,1
?#??????..??#?? 8,1
?#.?#???#??????#? 2,1,8,2
?.???.???#.. 1,1,2,1
.#.??#?.??#?#?? 1,3,6
..????????.???# 3,1,1,1
????.?#?.????.????? 1,3,3,1,1,1
##??#?#???.?..#? 5,1,2,1,1
?.?.????#. 1,3
#?#???????. 5,1
?#???.#?##?? 3,6
??????.??. 1,1,2
..????????#.? 1,4
?#?##?..????????? 4,2,1,3
.#????.?#.? 1,2,2
?#?##????? 1,5,1
????????.?? 1,3
?####?..??#??? 5,2
#??#????#??? 4,2,1
??.?#??##.?? 6,1
???????##.?.??. 1,3,2,1,1
?.?#??#..?? 2,1,1
.#??#??????#??#?? 4,10
?????#???????? 1,8,2
?#.?.??????.?# 1,1,2,2
??????#?#????#?##?# 4,13
?????#?#?#??.#??##. 1,1,1,4,1,3
.?????###??#?#.#.?. 1,5,1,1,1,1
..???..?#..??#?? 2,2,2
..??????.???##?#? 5,4
????.?#?.??#?.??##.? 2,3,3,4,1
??#?..#???????? 2,6,1
?.##.?..#???##?????? 1,2,1,7,1
??####??????????.. 6,5,1
.?#.????### 1,1,4
?????.?##..?? 3,3,1
???????????#?????#?? 1,10
?.#.?.???##??#?#?#?. 1,1,12
?#?????#???? 1,2,2
??.?#???.???##?###? 1,3,10
??#????#??#???#??# 5,1,2,2,1
.?#??????#?? 2,5
?##??#???#?#????.??? 11,1
???????.?.??? 3,3
?#?#?..#???.??? 1,1,3,1
?#..?.??#?? 1,1,2
??#???.??. 4,1
#?#????????##?????.? 1,5,5,2
???????#?? 3,1
.#?.?#???##?????.??? 2,12,1,1
???#???#???? 1,1,6
??##?????##?#.??. 5,4
???#.???#???.?#???? 1,1,5,1,6
?#???.??#??????. 2,8
.?#??#?.??????.? 2,1,3
#??#??##?.? 8,1
??#??????#.????#..?? 8,4
#?.????.??? 1,4,1
???????#?.???#? 6,3
?#??.??#.??#???# 1,1,1,6
?#???????#??????? 7,5,1
??.?.#???? 2,1,4
????..#??? 1,1,1
.??..???#..?# 2,1,1,1
?#.?????????.?#??? 1,4,3,1,1
??#???##?#?????#??? 9,1,2
?????.?#.??? 1,1,1,1
???????#.. 2,2,1
.#.?#?#?#??#????. 1,9,1
#??.?#???.#.??? 2,1,1,1,1
??###?.???# 6,1,1
???.???#?#???? 2,1,4,1
.????.?#??.?## 1,2,2,2
??##??#?#????.? 3,8
???????#.???? 1,2,1,1
?#????#?#??.#?# 1,2,1,1,1
??#.##?.##??? 2,3,2
???????#????#??##?.? 6,1,7
?#???.?.#?????#?#??? 3,1,1,3,5,1
????.????? 1,1,2
??..#??#?.. 1,4
?.?#?.???#..?????? 2,4,4
#?###??#?????#.. 8,1,3
??#??#????#.#?.. 6,1,2
???#???#??.??#? 6,1,1
??..#?###?#??.? 1,9
??.?#?.??? 3,1
.#??????.? 1,3,1
.??##.?#.? 2,1,1
????#.?.?#?#?##?.?? 4,1,2,4,1
.##??.??.??? 4,1,3
???????#??#?#?#?. 7,6
???..##?#??#?.? 2,5,1,1
##???.??.?. 4,1,1
.????###?.##????#. 1,4,2,4
.?.#?#..?.#??#?. 1,3,1,5
.##?#????#???#???? 13,3
##.#???#???#.??# 2,1,6,3
.??????.??#?.?? 4,1,1
????#..???? 1,1,2
?..????.??...???. 1,1,3
#?#???#?????????# 1,5,3,4
?????#??.????#??. 5,1,3
???###?????#????.?# 8,5,1
#??#?????.??#?? 4,2,2
?.??????????? 3,1
?#.?.?#???? 1,3
?.???????.?.???.? 1,4,3
?.#????#???.. 1,2,4
????#?????#?##??#? 1,12,2
?.??????#????#?? 10,1
.?..??#????.# 1,2,2,1
?.???????#. 1,1,3
??????????????.? 1,3,4,1,1
??????#???. 1,5
.#??????#? 3,1,1
??.????##?.? 1,2,4
#???#??????#??.#??# 6,1,1,3,1,1
??#.????.? 3,4
##??.?#??.?##???#??. 2,2,1,2,4
.?????.##????????#? 1,12
?#?.??.????? 1,1,1,1
.##?#?#???? 2,7
.#????.?.?#.?.? 5,1,2,1,1
.??#.?????#.? 2,5
#?????????##?#??.??? 3,1,1,5,1,1
??????#????#?##?#? 1,1,1,2,4
?#?????#.? 2,3
?????#?.??#? 1,1,1,1
?????#.??.? 6,1,1
?.??.???#.#???.?#??? 1,1,1,4,3
???#?????#???????? 2,1,4,1,3,1
???#??.?#?? 1,1,2
????.??#?.? 2,4
?.##??#?.#???#?? 1,5,1,2
#?...??.#?.#???? 2,1,1,2,2
???.??#?.#..? 1,2,1,1
#?.?#?#??????#?#? 1,1,10
????????#??#?????? 2,1,4,4
???##??#??#??.?.?# 9,3,1,1
?????.??.#??? 3,1,1,1
?.????#??????#????. 1,4,1,7
??##??.?????????#?? 6,4,1,1,1
#????##???.???.?#? 10,2,2
???.#?????.?? 3,1,1,1
.???#?##???#? 1,5,1
??.#.??.??.#?##??.? 2,1,1,1,5,1
??#?#??#.??????????? 3,2,1,1,7
?.#?.?#???. 1,4
???###????.??? 5,3,1
#?##??????????.? 5,1,2,1
#???.???#???? 1,1,5
?#??..?..?#?? 3,1
??.????????#???.?. 2,3
?????##??##?.#??? 1,2,4,1,1
#..??#..?#?????#?? 1,1,1,10
???#?????????##.?? 1,1,4,1,2,1
?.??????..#?????#. 1,1,2,7
??????#?#?#?#? 1,1,7
?..????#???#??#?? 1,3,1,2,4
?????????????????# 1,1,1,1,3,3
???.#????#??????... 6,1
????.?.?#?##?#?.??? 3,7
?????.?.?##?? 2,1,1,3
????.???#?#?#??#???# 1,1,12,1
##?#.?#??## 4,2,2
??##?????##??.?#? 10,2
?.#?#????#..?#??##? 1,3,1,5
?##?##?????????? 7,6
????#.#?#????? 4,3,1
?.#???????#???.# 11,1
???#????#?.???? 3,3
?#??????#?#??#??.?? 14,1
???????????????.?.?. 4,1,1,2,1,1
#?.???##??.#.?? 2,1,4,1,2
.##?.?.?.??????.??? 2,3
###?.???##?# 3,6
..???##.??.? 5,2
????????#???.?#??# 2,1,6,2,1
?.??#??????.... 5,2
?.??????#?.#????? 3,3,2,2
?#.???.#?? 1,1,3
?????#???#?.#.? 1,2,4,1,1
##??#??.????#.?#? 5,1,2,1
?#????.??? 1,1,1
.#?.???###?##?? 1,5,4
.????#.??.#??#?#??? 1,1,1,6,1
??.#.?##???#?#?????? 1,1,7,1,1,1
?.?#...#?????#????. 1,1,2,6
?#?.#???.?? 1,3,2
.?#???##?? 2,5
#????####.#?##.#.?? 9,1,2,1,1
?.???#?????#.#? 1,1,1,3,1
.???#????...????# 7,4
#???.#???##?##?.?#? 1,1,2,6,3
?.?##????#?????? 1,9,1
?#????..?? 1,3,2
??.??????.#? 1,1,2,1
?????..#??#?????#?# 4,1,8,1
???????.??????. 1,2
?##??..#???????.. 4,3,1,1
??#???..?#???? 4,3,1
??????????????.????? 1,3,4,1,1,1
???.#?.?##? 2,1,2
???.??.??.?#? 3,1,2,2
?????????? 1,7
.??????#??#?.?#???. 10,4
??#???#??#.??????# 10,2,2
??.??????. 1,2,1
????.#????? 1,2,1
??#.#???#.? 1,1,1
#?#.?????#??.###?? 1,1,7,4
???#.???#??#?.??? 3,3,2,1
??#????.?.?##?.. 4,4
??..????.?#??.# 2,1,1,2,1
#??#??##???.????. 2,1,4,1,1
?.#??###?#?.????#?#? 1,6,6
.??????#??.??####?? 1,4,7
?.???#??.#?? 1,3,1
???#??#??.?? 6,1
?##..???.? 3,1
?????..#?#?????.? 3,8
?.?##????#????. 2,4
?#?#??????. 1,1,2
.????#???.????. 1,1,1,1,1
????#??##?.?.?#.. 8,1
??##?#????#?? 7,2
?#????###?#??#? 2,9
????????????#???.?? 1,1,3,8,1
?.?#??#????#?#?#?. 4,5
??.??.???. 1,1,1
.??.??#????.??#..? 2,3,2,2,1
?###????#..??###.?. 8,4
??###????????????# 5,1,1,1,1
..???#??.?? 3,2
##.???.???#? 2,4
???#???#.???#? 7,3
?.???..???#??##.#.? 1,1,8,1,1
.?#?#??.??? 4,1
??##?.????? 4,3
.????.?#..?#.????..? 2,1,2,3,1
????##??????#? 6,4
?.??#?????..? 7,1
?????#?#?..?????? 7,2,1
.??.??????? 1,2,3
#?#####??#???#??#?? 11,2,1
?#??#?????.???? 6,1,1
?.?????#?#???.? 1,1,6,1,1
#?????????#??.#.?# 6,1,1,1,1,1
?#?##??#??.#??#?.# 4,2,1,1,3,1
??????#??..???##??? 7,4
#????#???.?.?#?# 1,4,1,1,1
?#?#???#????. 1,7
?????###????? 2,5
#?????.#?.???????? 1,4,1,4,1
??.???###?##??.??#?# 1,1,8,1,3
??.?????#? 1,1,4
????????#?.????#? 1,7,2
.????.???????#?####? 4,1,9
??.?#.??.????#??#?? 2,6
??#?????.???#?#??? 3,1,8
???.??.???..???.?.. 1,2
?????#??????### 1,3,1,1,3
#?.???#??#?????#???. 1,1,2,4,3,2
??.??#?#??#?#?? 1,5,1,1
??.?#???#???? 2,2,4
.?.??#???##.?.??.. 7,1
???#????#?#.??.?? 4,1,1,1,1
?????#.?.?#????. 4,4
???.#?.????###?##??? 1,1,1,1,8
??????.????##?? 1,1,4
?????.?#?.????## 1,2,1,4
?????#??#???? 5,1,1
.?.???#???#???????? 9,1
?##????#??#.??? 4,5,1
??.#?#?#???????#???. 5,3
????#?#?.?????. 1,5,3,1
?.#?.#???#?##?? 1,5,3
.????.??####?#?? 2,1,1,8
?.??????.????? 1,3
??#?.?##?.??????.?# 2,4,2,1,1
?.??#??????#.??.##? 9,2
??#.?.#?#?# 3,5
????#.?#???#? 2,1,3,2
#?????#?..?.#? 1,5,1,1
.??#?#?#??###?#??.? 1,1,12,1
##???.?#????#? 5,7
???#???#??. 1,7
??????.???. 3,2
##?????????????.#? 7,2,2,1
??.??##.????#.??? 3,1
.#??##?...????? 6,2
????.??#.????. 4,1,4
???????..?#. 5,2
?.?#???.????###???? 3,8
?#?.??????#.?? 2,7,2
??????#??#? 1,4
.??#????###???#?? 2,4,2
.?#?#?##??#??#??.#?? 6,3,3,2
?.????????#???##??? 3,5,5
??????.????? 1,3,2,1
..????#????##.???#?# 9,5
##?#?????.???#???? 5,1,2,2,1
???#.????#????.?##. 1,1,2
.????????. 3,1
?#?.?#.#.?????? 3,1,1,1,3
#??.##?????#?..??..# 1,4,3,2,1
.??.???????#??? 1,1,6
??.???#?.? 1,3
?#?#?????.??#.? 5,2,2
??#?.??#?#?? 1,5
??#??###??????.?? 1,11,1
??.???????## 1,5
????..??#.???.? 1,1,2,2
??##????#. 2,3
?#.?###????# 2,3,1,1
???#??.????.? 1,2,3,1
..???..?????#??#? 3,8
.?.???????.#????#??? 1,2,1,1,1,4
??.?#?#???????# 1,3,2,1,1
??#?.#?..? 2,1,1
?.?.?##.?.#?? 3,2
.???.???#????????? 2,3,2,3
????.?#??.?..?????? 1,1,2,1,6
.?#?#???####??????. 11,1
#?#???#??????##? 1,1,1,1,7
#???#???????.?# 9,1,2
???#???.???? 4,1,1
#?.?.???????. 1,7
??????#??#??.? 1,7
?????????? 5,1
.??#??????.??? 7,1
?.##?????? 1,2,2
#??##???????? 1,4,1,2
??.#?.#?.??? 2,1,2
?.?#??????##?#?#... 2,7
.????#??##?#.????? 1,3,3,1,1,1
?#?##??#???.?????.?# 11,3,1
?#.?..???? 1,1,1
???.??#??###?###.... 1,11
??#.?????#.#.?? 1,1,1,1,2
???#?.??#?.?##. 1,3,2,2
?##..??.#.?????? 2,1,1,4
?.??.?#?#? 1,1,2
.##?.?????.? 2,3
..????##???? 5,1
???.?#???..#?. 1,4,2
?????..?#?#?.? 1,1,5,1
???#????.## 3,2,2
#??????.#??? 6,3
.??#?.???# 3,2,1
???#???#?#.?##?.??. 9,4
.??..?..#??? 1,1,1,1
.???#..??#???? 4,1,1,1
?##??##????.???#.?? 9,1,1,1
.???#?#??????#?? 6,1,2
?#??#????? 5,2
?????#??#???? 1,3,1,1
?????.???? 1,1,2
?.?...?#?.?##?.?? 1,3,3,2
?#????.??#??? 3,5
?????.#??# 2,1,4
?#.?##?##?????# 2,2,4,2
#???????#??????.#??. 10,1,1,1
?##?#??.????.???## 7,1,1,1,3
?????...????#??.?. 2,6
????????#??#?#????? 8,3,3
##??#??#??#.?#?? 5,2,2,3
???#?????.?? 1,1,1,1
#..###??????? 1,4,2
??.?##??????#?##. 1,13
.?#?#.???# 4,1,2
.???#####????? 2,5,1
???.????.? 1,2,1
.????#?#??.? 1,1,5,1
?.##???????.#. 5,1,1
??.??#.?????.. 1,2,4
??#??.?.?. 3,1
#???.??.???????#? 4,2,4,1
???#??#????????#? 1,12,1
?#?#??#????##??. 1,4,1,4
?#?.??.#??.?? 1,1,2,2
??.#?.??.?#??##????? 1,1,1,2,4,2
??#?????????.??? 1,2,1,3,3
??.?.?.???#? 1,1,1,1
????????#.?? 1,3,2,1
??.?.?#??.?..?? 1,2
.???.????#??.?? 1,1,1,1,3
#????.?#.??.#??.#?# 2,2,1,3,3
.#????.#?. 1,1,2
???#.???.????#?? 3,3,4
#??#?????#???.????? 1,9,1,3
????????..?#? 1,4,1
.?#####???.??##???.? 9,6,1
???##?????#?#.#? 8,1,1,1
?##???##?.?#?# 8,3
???#?????? 3,3
??.?????????????? 1,1,6,1,1
????#?.???#?#????.? 4,8
..?#?.????#??? 2,6
.????#??#???.????#? 5,5
..??????????? 1,2
?.???????.. 4,1
.????????? 3,4
???????..# 2,2,1
????#??.????? 5,4
#??##??.#??#.?.?? 7,1,1,1
.??????.?#.?.??#. 5,2,3
.#?#???????.??#?#??? 7,7
??#??????. 2,2,1
??????????#? 1,8
.?#???????# 7,2
##.???????#?.???.?? 2,9,3,1
#?..#?.???.# 1,2,2,1
#?##?????.?#?????. 1,7,2,4
?##?##?#??..??#?? 10,1,1,1
??.???#???.??? 1,1,3,1
.?..?.?.#? 1,1,2
?#??????????##???? 1,11
??#?##???#????#??#? 1,8,1,3,1
.?##?#.???.???.#??? 5,3,3,3
.??.?.#???? 1,5
.#?#???#.#.?#?#.?#? 7,1,4,2
.#?#???????#.#??.??? 3,3,1,1,1,1
#.??????#?????. 1,8
??.????#??#?##?#? 1,1,6,5
??#.???????? 1,1,7
#?##?##????.??.?? 7,2,1,1
??????##?#..?.??.? 1,2,4,1,1,1
???#?.?#??#??.??? 3,7,1,1
##????????##???.#? 4,7,1
??#?????.?. 3,3,1
??#??#?#?#?..?????? 9,2,1
#?.????.??#.??? 1,4,1,1,1
?.?????###??#?#???.? 8,6
????#???..#?###????# 2,4,10
?#??.##?????????.? 4,6,1,1,1
??#???#?????? 3,6,1
#???.?.???????????? 1,1,1,1,1,4
??????.???#? 1,1,4
.?#???###.. 2,4
??#???#???# 6,1,1
?????#??#??#??? 1,10,1
.??????????#??? 4,1,3
.??#??????? 2,2
??????#?.? 1,3,1
.????????#?#.?##??. 2,6,1,4
.????.#????##?..? 1,2,8,1
???????.#??#.??.### 6,4,1,3
.????##??????#? 1,8,1
?.?###?..?? 1,3,1
?????..?.?#. 4,1,2
???#???#.#????#?.? 8,6,1
?.?????????????? 6,5
..?.##???##?? 1,7
?#???????? 3,2,2
?????#??#???##?.?#?? 1,6,3,3
.??.????#?##???????? 2,1,10,2
.#??????#.? 3,4,1
?..?..????.?.#???? 3,1
??.?#?.??# 1,1,3
????.????#.??? 1,3
..???#???.? 5,1
??.#???.??#??#? 1,1,2,1,5
.??#????..???? 3,3
#?#?????#.????? 3,1,1,1,1
???#.???????#??? 2,3,5
#?.??.?????????? 2,1,1,4
?#???.????#?## 3,8
?.?#?#??..?? 5,1
.###?.???? 3,2
???##?#?#..?????## 8,1,5
??.?#???##?#?. 1,9
??????#?#.?#? 1,1,1,2
???##.??##?.??????#? 5,2,3,1,2
..??##?????. 4,2
?.?##?.#?????..????? 1,4,1,4,1,1
?????#.#??#####???# 4,12
????????#???#?##. 2,6,4
??##????##????? 2,4
???????.?#????#???? 6,6,1,1
.#?#??##??#.??? 1,2,5,3
???..????????##????? 2,3
??##?#.?.??# 5,1,1,1
???#???#?? 1,1,3
???#??###? 1,1,5
?.??????#?? 1,5
#.??##??..???? 1,5,1
????#?###??.? 7,1
?????#.?..? 4,1
#?.###?##? 2,6
?#???#???##??. 2,8,1
?#??#.#.???# 2,1,1,2
#????.#??.?.#?? 2,1,3,1,1
?.?????#?###?????? 1,9,3
###?#.??.?? 5,2,1
?#??..??#??.#???#?? 1,1,5,2,1,1
??.?.??#?#?#?##?? 1,1,11
.???#??.?##????.?? 1,3,4,1,1
????????.?#. 4,1
??###?#?#?????.??#. 13,1,1
???#?#?#??.?##??#??? 2,3,2,9
????????.?????#??? 1,6,1,6
???.??.??.?#?##?? 1,2,1,5,1
????????...?? 2,4,1
##????#?.?.# 4,1,1
?##??.???##??#???. 2,11
?.????#???#??? 7,2
#????##??#.#?##?## 1,1,5,4,2
?.????..?#???##??.?? 1,2,4,4,2
????#?????#?????#?# 11,1,3
??###???????. 5,1,1
#?????.???????.?? 1,1,6,1
?.#????????????#??#? 1,2,1,1,1,8
????#??.?????? 5,1,1
?#?#?.#???????? 4,1,1,3,1
#??#?...#? 1,2,1
??#.???????#?????# 1,1,7,1
??#???##?##.#??..? 1,6,2,1,1
?.????????????????#? 1,2,5,2,1
????.?#????? 1,3,1
?.????????#?? 5,1
#?????#???? 1,7
.??.???##?..? 1,4,1
..?##.?#????????? 2,10
??????????.###?# 1,6,3,1
??#?##?#????##??.#? 1,1,4,1,4,2
?###.??#??? 4,4
??????.?### 2,1,3
.?????...?#???? 5,3,1
?????.???? 1,2
????.?##.?? 3,2
???###??#?#?.???#?? 2,9,2
??????????#????#?.?# 6,1,1,1,1,1
?#??????????#?#?? 1,1,3,4
????#?????.??##..? 8,2
?#..?#?#.??#?.##? 1,4,2,2
#?#??.??#. 1,3,3
#..?.#?????.? 1,1,6,1
?##?.??.?.#??#?#?? 3,7
??#.????.???#????? 3,1,5,1
?#????#????#????..?. 1,4,7,1
????.????.? 1,2
???.????????.?#?.. 1,1,1,1,1,3
???#??..?#??? 3,1,5
???.?#??#??#.???? 1,1,8,1
.##?#.??.#??##.??.. 4,5,1
?####????..????. 9,2
##????#?#..????#?# 7,1,3,1,1
??????#??.? 1,4
?.?#..##??? 2,2,1
#?##???????#?# 4,2,1,1
??????????. 4,1,1
.???##??#?#?#.????# 1,10,1,1,1
??##??????##?.?? 4,6,2
?#???##?.?###?# 7,3,1
#??????.??? 5,1
#????..#???????.. 1,2,1,3,1
???#??.??????. 4,6
?.?##???#?#?????#? 1,3,7,1,1
##?#??.???? 4,1,2
?#??.?????? 1,5
?.??#..#?. 3,2
#.???#???.??#..? 1,4,2,1
#??#??#??????????? 8,4,1
?#?????#???..#. 9,1
???????..##??? 3,4
.???.#?##?#? 2,4,1
.?#??#????#?.. 2,4,1
?..#?????????##?? 1,2,9,1
?.#??#??#??#?#?? 1,9,1
?????.???#??????#?? 3,8,2
?.???#??#? 1,5
.??.??#?##.. 1,2,2
?????.???????? 2,6
.#?????#?#? 1,1,4
.?????????#..# 2,7,1
??#?.????#? 1,1,2
.??#??#??. 3,2
???#.????? 1,1,4
??.?????.?#.##??. 3,1,3
????????#?? 7,1
????.?.##?#?#?? 2,1,4,1,1
?#???#???###??#?.? 3,10
?.?????#???..#? 1,8,1
.??.????????? 2,1,2,1
#.?##???#??#.???? 1,6,2,1
???.?????#?????? 2,12
??????#?????. 1,5,1
??.??#?????.? 1,5,1
.?#??#??#?#.? 1,6
#?#?##.??#??.# 6,4,1
???.?##.?#?????.? 1,3,6,1
?????????##???? 4,3
.?.?##???? 1,3,1
.#????.??.?#?#.? 1,2,1,3
???#????????.?. 2,1
???#??.??#??##?.?? 2,1,1,2,2,1
#???#?????#??#?#. 2,3,9
#?#??????? 1,4,2
???.???...# 1,2,1
???.?..?#??#??? 1,4
?.#??.?..?.#? 2,1,1
#?#??..#?.??#???#?.? 1,1,1,2,6,1
?#??.????#?###.?# 4,1,1,5,1
??.???.?#???????. 1,1,1,6,1
?###..??#? 4,3
#.?????#?#???#? 1,12
?#..??#.????####?##? 2,3,3,4,3
#?##?#.??.?.# 6,1,1,1
?????...?.???? 3,1,2
???#?????.#?#?? 1,4,3,1
???..#???.????#? 3,4,2,1
??#??#.???????? 1,1,1,4
...###?.?? 3,2
?.???#?##??#.?#.?? 1,9,1
?????##???##????# 1,3,8
?.???????.????#?#??. 1,3,7
#??#?????#???.?# 5,3,1
????#????. 6,1
?##?.?????#??.##???. 4,1,5,4
?#??.???????.? 2,5
?.????..#??? 1,4,1,2
#?#.?????#??? 3,1,1,4
????.?#????.?.???? 2,1,2,1,1,3
??##.???#?????????? 4,1,1,2,2,1
?##?#?.?????. 5,2
???#?##??#???.#??? 11,1,2
??..#????#????##.?? 2,3,2,1,2,1
?????#?..????#.# 2,4,1,3,1
???.???#?.#????#?.# 1,4,1,1,1,1
#?#?###..????????.# 3,3,1,3,1
##?#?#???#??. 6,3
.???#?##?? 4,4
??????#?#.?#?? 1,3,1
#??##?????..?.???? 2,2,2,1,2
??.?.?????.?#? 1,1,5,1
??#???#?.??..#?? 1,1,4,1,1
?????????????#???? 1,1,10
?#?????.#???#??????? 5,1,7
?#??????.?#.?#? 8,2,2
#?.??#??#???#? 2,5,2
?#??#?..#??#? 5,5
?#??..?#???. 3,3
???#?##????????????# 6,1,1,7
.?#????#?##??#??# 13,1
??.??##???.???#???? 1,7,8
?#?#?#??#?#?#?## 5,8
???#??##?.??##?#.? 6,6
.??..?#????#??. 1,3,3
.???#.????#?? 2,1,1,4
??#??????##?.??#. 3,4,2
?????..#?# 1,2,3
.?#?.#????#?.???.?# 3,3,2,1,1,2
???.??????? 1,1,3
.?????.?#??# 1,1,5
???????##???#?? 3,1,4,1,1
?.?#?????#? 1,1,2
#??????.#??..?? 3,2,3,1
?.#?????????##?.???? 1,2,1,8,1
.??#??.??? 4,1
??#.?###???? 1,1,5,1
.????#?#?#?#??#?#?#? 2,7,3,1
?#???##?#???##???. 2,1,6,3,1
?#.?.#?#???????#?? 1,3,6
?#??.?.#??#??#?.#. 3,7,1
.???#??.??#???. 4,5
.##.??????#.?# 2,6,2
?#.???.???. 1,2,1
#??#???.?????????#?? 6,3,4
?#?#.?.?#? 3,1,2import sys
import re
from copy import deepcopy
from math import gcd
from collections import defaultdict, Counter, deque

D = open(sys.argv[1]).read().strip()
L = D.split("\n")
G = [[c for c in row] for row in L]

# i == current position within dots
# bi == current position within blocks
# current == length of current block of '#'
# state space is len(dots) * len(blocks) * len(dots)
DP = {}


def f(springs, conditions, currSpring, currCondition, springLength):
    key = (currSpring, currCondition, springLength)
    if key in DP:
        return DP[key]
    if currSpring == len(springs):
        if currCondition == len(conditions) and springLength == 0:
            return 1
        elif (
            currCondition == len(conditions) - 1
            and conditions[currCondition] == springLength
        ):
            return 1
        else:
            return 0
    ans = 0
    for c in [".", "#"]:
        if springs[currSpring] == c or springs[currSpring] == "?":
            if c == "." and springLength == 0:
                ans += f(springs, conditions, currSpring + 1, currCondition, 0)
            elif (
                c == "."
                and springLength > 0
                and currCondition < len(conditions)
                and conditions[currCondition] == springLength
            ):
                ans += f(springs, conditions, currSpring + 1, currCondition + 1, 0)
            elif c == "#":
                ans += f(
                    springs, conditions, currSpring + 1, currCondition, springLength + 1
                )
    DP[key] = ans
    return ans


for part2 in [False, True]:
    ans = 0
    for line in L:
        dots, blocks = line.split()
        if part2:
            dots = "?".join([dots, dots, dots, dots, dots])
            blocks = ",".join([blocks, blocks, blocks, blocks, blocks])
        blocks = [int(x) for x in blocks.split(",")]
        DP.clear()
        score = f(dots, blocks, 0, 0, 0)
        # print(dots, blocks, score, len(DP))
        ans += score
    print(ans)
